V 54
K 1
D 0 -4064000 3556000 1778000
Y 1
U 3175000 1778000 254000 0 2 3 REFDES=IC?
U 3175000 1524000 254000 0 2 3 DEVICE=ADF4350BCPZ-RL7
U 3175000 1270000 254000 0 2 0 PKG_TYPE=QFN50P500X500X100-33N-D
U 3175000 1016000 254000 0 2 0 Description=Wideband Synthesizer with Integrated VCO
U 3175000 762000 254000 0 2 0 Datasheet Link=http://componentsearchengine.com/Datasheets/1/ADF4350BCPZ-RL7.pdf
U 3175000 508000 254000 0 2 0 Height=1
U 3175000 254000 254000 0 2 0 Mouser Part Number=584-ADF4350BCPZ-R7
U 3175000 0 254000 0 2 0 Mouser Price/Stock=https://www.mouser.co.uk/ProductDetail/Analog-Devices/ADF4350BCPZ-RL7?qs=BpaRKvA4VqHLeFsdtKy2aw%3D%3D
U 3175000 -254000 254000 0 2 0 Manufacturer_Name=Analog Devices
U 3175000 -508000 254000 0 2 0 Manufacturer_Part_Number=ADF4350BCPZ-RL7
U 0 0 254000 0 1 0 FORWARD_PCB=1
l 5 508000 1270000 3048000 1270000 3048000 -3556000 508000 -3556000 508000 1270000
|GRPHSTL -1 -1 -1 1
P 1 0 0 508000 0 0 2 0
L 584200 0 228600 0 2 0 1 0 CLK
A 355600 50800 203200 0 9 3 #=1
A 0 0 9 0 3 0 PINTYPE=BI
P 2 0 -254000 508000 -254000 0 2 0
L 584200 -254000 228600 0 2 0 1 0 DATA
A 355600 -203200 203200 0 9 3 #=2
A 0 0 9 0 3 0 PINTYPE=BI
P 3 0 -508000 508000 -508000 0 2 0
L 584200 -508000 228600 0 2 0 1 0 LE
A 355600 -457200 203200 0 9 3 #=3
A 0 0 9 0 3 0 PINTYPE=BI
P 4 0 -762000 508000 -762000 0 2 0
L 584200 -762000 228600 0 2 0 1 0 CE
A 355600 -711200 203200 0 9 3 #=4
A 0 0 9 0 3 0 PINTYPE=BI
P 5 0 -1016000 508000 -1016000 0 2 0
L 584200 -1016000 228600 0 2 0 1 0 SW
A 355600 -965200 203200 0 9 3 #=5
A 0 0 9 0 3 0 PINTYPE=BI
P 6 0 -1270000 508000 -1270000 0 2 0
L 584200 -1270000 228600 0 2 0 1 0 VP
A 355600 -1219200 203200 0 9 3 #=6
A 0 0 9 0 3 0 PINTYPE=BI
P 7 0 -1524000 508000 -1524000 0 2 0
L 584200 -1524000 228600 0 2 0 1 0 CPOUT
A 355600 -1473200 203200 0 9 3 #=7
A 0 0 9 0 3 0 PINTYPE=BI
P 8 0 -1778000 508000 -1778000 0 2 0
L 584200 -1778000 228600 0 2 0 1 0 CPGND
A 355600 -1727200 203200 0 9 3 #=8
A 0 0 9 0 3 0 PINTYPE=BI
P 9 762000 -4064000 762000 -3556000 0 1 0
L 762000 -3479800 228600 1 2 0 1 0 AGND
A 711200 -3708400 203200 1 9 3 #=9
A 0 0 9 0 3 0 PINTYPE=BI
P 10 1016000 -4064000 1016000 -3556000 0 1 0
L 1016000 -3479800 228600 1 2 0 1 0 AVDD
A 965200 -3708400 203200 1 9 3 #=10
A 0 0 9 0 3 0 PINTYPE=BI
P 11 1270000 -4064000 1270000 -3556000 0 1 0
L 1270000 -3479800 228600 1 2 0 1 0 AGNDVCO_1
A 1219200 -3708400 203200 1 9 3 #=11
A 0 0 9 0 3 0 PINTYPE=BI
P 12 1524000 -4064000 1524000 -3556000 0 1 0
L 1524000 -3479800 228600 1 2 0 1 0 RFOUTA+
A 1473200 -3708400 203200 1 9 3 #=12
A 0 0 9 0 3 0 PINTYPE=BI
P 13 1778000 -4064000 1778000 -3556000 0 1 0
L 1778000 -3479800 228600 1 2 0 1 0 RFOUTA-
A 1727200 -3708400 203200 1 9 3 #=13
A 0 0 9 0 3 0 PINTYPE=BI
P 14 2032000 -4064000 2032000 -3556000 0 1 0
L 2032000 -3479800 228600 1 2 0 1 0 RFOUTB+
A 1981200 -3708400 203200 1 9 3 #=14
A 0 0 9 0 3 0 PINTYPE=BI
P 15 2286000 -4064000 2286000 -3556000 0 1 0
L 2286000 -3479800 228600 1 2 0 1 0 RFOUTB-
A 2235200 -3708400 203200 1 9 3 #=15
A 0 0 9 0 3 0 PINTYPE=BI
P 16 2540000 -4064000 2540000 -3556000 0 1 0
L 2540000 -3479800 228600 1 2 0 1 0 VVCO_1
A 2489200 -3708400 203200 1 9 3 #=16
A 0 0 9 0 3 0 PINTYPE=BI
P 17 3556000 0 3048000 0 0 3 0
L 2971800 0 228600 0 8 0 1 0 VREF
A 3200400 50800 203200 0 3 3 #=24
A 0 0 9 0 3 0 PINTYPE=BI
P 18 3556000 -254000 3048000 -254000 0 3 0
L 2971800 -254000 228600 0 8 0 1 0 VCOM
A 3200400 -203200 203200 0 3 3 #=23
A 0 0 9 0 3 0 PINTYPE=BI
P 19 3556000 -508000 3048000 -508000 0 3 0
L 2971800 -508000 228600 0 8 0 1 0 RSET
A 3200400 -457200 203200 0 3 3 #=22
A 0 0 9 0 3 0 PINTYPE=BI
P 20 3556000 -762000 3048000 -762000 0 3 0
L 2971800 -762000 228600 0 8 0 1 0 AGNDVCO_3
A 3200400 -711200 203200 0 3 3 #=21
A 0 0 9 0 3 0 PINTYPE=BI
P 21 3556000 -1016000 3048000 -1016000 0 3 0
L 2971800 -1016000 228600 0 8 0 1 0 VTUNE
A 3200400 -965200 203200 0 3 3 #=20
A 0 0 9 0 3 0 PINTYPE=BI
P 22 3556000 -1270000 3048000 -1270000 0 3 0
L 2971800 -1270000 228600 0 8 0 1 0 TEMP
A 3200400 -1219200 203200 0 3 3 #=19
A 0 0 9 0 3 0 PINTYPE=BI
P 23 3556000 -1524000 3048000 -1524000 0 3 0
L 2971800 -1524000 228600 0 8 0 1 0 AGNDVCO_2
A 3200400 -1473200 203200 0 3 3 #=18
A 0 0 9 0 3 0 PINTYPE=BI
P 24 3556000 -1778000 3048000 -1778000 0 3 0
L 2971800 -1778000 228600 0 8 0 1 0 VVCO_2
A 3200400 -1727200 203200 0 3 3 #=17
A 0 0 9 0 3 0 PINTYPE=BI
P 25 762000 1778000 762000 1270000 0 0 0
L 762000 1193800 228600 1 8 0 1 0 EP
A 711200 1422400 203200 1 3 3 #=33
A 0 0 9 0 3 0 PINTYPE=BI
P 26 1016000 1778000 1016000 1270000 0 0 0
L 1016000 1193800 228600 1 8 0 1 0 SDVDD
A 965200 1422400 203200 1 3 3 #=32
A 0 0 9 0 3 0 PINTYPE=BI
P 27 1270000 1778000 1270000 1270000 0 0 0
L 1270000 1193800 228600 1 8 0 1 0 SDGND
A 1219200 1422400 203200 1 3 3 #=31
A 0 0 9 0 3 0 PINTYPE=BI
P 28 1524000 1778000 1524000 1270000 0 0 0
L 1524000 1193800 228600 1 8 0 1 0 MUXOUT
A 1473200 1422400 203200 1 3 3 #=30
A 0 0 9 0 3 0 PINTYPE=BI
P 29 1778000 1778000 1778000 1270000 0 0 0
L 1778000 1193800 228600 1 8 0 1 0 REFIN
A 1727200 1422400 203200 1 3 3 #=29
A 0 0 9 0 3 0 PINTYPE=BI
P 30 2032000 1778000 2032000 1270000 0 0 0
L 2032000 1193800 228600 1 8 0 1 0 DVDD
A 1981200 1422400 203200 1 3 3 #=28
A 0 0 9 0 3 0 PINTYPE=BI
P 31 2286000 1778000 2286000 1270000 0 0 0
L 2286000 1193800 228600 1 8 0 1 0 DGND
A 2235200 1422400 203200 1 3 3 #=27
A 0 0 9 0 3 0 PINTYPE=BI
P 32 2540000 1778000 2540000 1270000 0 0 0
L 2540000 1193800 228600 1 8 0 1 0 PDBRF
A 2489200 1422400 203200 1 3 3 #=26
A 0 0 9 0 3 0 PINTYPE=BI
P 33 2794000 1778000 2794000 1270000 0 0 0
L 2794000 1193800 228600 1 8 0 1 0 LD
A 2743200 1422400 203200 1 3 3 #=25
A 0 0 9 0 3 0 PINTYPE=BI
E
