V 54
K 1
D 0 -2794000 4064000 2286000
Y 1
U 3683000 2286000 254000 0 2 3 REFDES=Y?
U 3683000 2032000 254000 0 2 3 DEVICE=CVCO55BE-0400-0800
U 3683000 1778000 254000 0 2 0 PKG_TYPE=CVCO55BE04000800
U 3683000 1524000 254000 0 2 0 Description=VCO Oscillators 400MHz-800MHz
U 3683000 1270000 254000 0 2 0 Datasheet Link=http://www.crystek.com/microwave/admin/webapps/welcome/files/vco/CVCO55BE-0400-0800.pdf
U 3683000 1016000 254000 0 2 0 Height=3.81
U 3683000 762000 254000 0 2 0 Manufacturer_Name=Crystek
U 3683000 508000 254000 0 2 0 Manufacturer_Part_Number=CVCO55BE-0400-0800
U 3683000 254000 254000 0 2 0 Mouser Part Number=549-CV55BE0400-0800
U 3683000 0 254000 0 2 0 Mouser Price/Stock=https://www.mouser.co.uk/ProductDetail/Crystek-Corporation/CVCO55BE-0400-0800?qs=O9nmv0aA33UiGXPclCNPWQ%3D%3D
U 3683000 -254000 254000 0 2 0 Arrow Part Number=
U 3683000 -508000 254000 0 2 0 Arrow Price/Stock=
U 0 0 254000 0 1 0 FORWARD_PCB=1
l 5 508000 1778000 3556000 1778000 3556000 -2286000 508000 -2286000 508000 1778000
|GRPHSTL -1 -1 -1 1
P 1 1524000 -2794000 1524000 -2286000 0 1 0
L 1524000 -2209800 228600 1 2 0 1 0 GROUND_1
A 1473200 -2438400 203200 1 9 3 #=1
A 0 0 9 0 3 0 PINTYPE=BI
P 2 1778000 -2794000 1778000 -2286000 0 1 0
L 1778000 -2209800 228600 1 2 0 1 0 VT
A 1727200 -2438400 203200 1 9 3 #=2
A 0 0 9 0 3 0 PINTYPE=BI
P 3 2032000 -2794000 2032000 -2286000 0 1 0
L 2032000 -2209800 228600 1 2 0 1 0 GROUND_2
A 1981200 -2438400 203200 1 9 3 #=3
A 0 0 9 0 3 0 PINTYPE=BI
P 4 2286000 -2794000 2286000 -2286000 0 1 0
L 2286000 -2209800 228600 1 2 0 1 0 GROUND_3
A 2235200 -2438400 203200 1 9 3 #=4
A 0 0 9 0 3 0 PINTYPE=BI
P 5 4064000 -762000 3556000 -762000 0 3 0
L 3479800 -762000 228600 0 8 0 1 0 GROUND_4
A 3708400 -711200 203200 0 3 3 #=5
A 0 0 9 0 3 0 PINTYPE=BI
P 6 4064000 -508000 3556000 -508000 0 3 0
L 3479800 -508000 228600 0 8 0 1 0 GROUND_5
A 3708400 -457200 203200 0 3 3 #=6
A 0 0 9 0 3 0 PINTYPE=BI
P 7 4064000 -254000 3556000 -254000 0 3 0
L 3479800 -254000 228600 0 8 0 1 0 GROUND_6
A 3708400 -203200 203200 0 3 3 #=7
A 0 0 9 0 3 0 PINTYPE=BI
P 8 4064000 0 3556000 0 0 3 0
L 3479800 0 228600 0 8 0 1 0 GROUND_7
A 3708400 50800 203200 0 3 3 #=8
A 0 0 9 0 3 0 PINTYPE=BI
P 9 2286000 2286000 2286000 1778000 0 0 0
L 2286000 1701800 228600 1 8 0 1 0 GROUND_8
A 2235200 1930400 203200 1 3 3 #=9
A 0 0 9 0 3 0 PINTYPE=BI
P 10 2032000 2286000 2032000 1778000 0 0 0
L 2032000 1701800 228600 1 8 0 1 0 RF-OUTPUT
A 1981200 1930400 203200 1 3 3 #=10
A 0 0 9 0 3 0 PINTYPE=BI
P 11 1778000 2286000 1778000 1778000 0 0 0
L 1778000 1701800 228600 1 8 0 1 0 GROUND_9
A 1727200 1930400 203200 1 3 3 #=11
A 0 0 9 0 3 0 PINTYPE=BI
P 12 1524000 2286000 1524000 1778000 0 0 0
L 1524000 1701800 228600 1 8 0 1 0 GROUND_10
A 1473200 1930400 203200 1 3 3 #=12
A 0 0 9 0 3 0 PINTYPE=BI
P 13 0 0 508000 0 0 2 0
L 584200 0 228600 0 2 0 1 0 GROUND_11
A 355600 50800 203200 0 9 3 #=13
A 0 0 9 0 3 0 PINTYPE=BI
P 14 0 -254000 508000 -254000 0 2 0
L 584200 -254000 228600 0 2 0 1 0 VCC
A 355600 -203200 203200 0 9 3 #=14
A 0 0 9 0 3 0 PINTYPE=BI
P 15 0 -508000 508000 -508000 0 2 0
L 584200 -508000 228600 0 2 0 1 0 GROUND_12
A 355600 -457200 203200 0 9 3 #=15
A 0 0 9 0 3 0 PINTYPE=BI
P 16 0 -762000 508000 -762000 0 2 0
L 584200 -762000 228600 0 2 0 1 0 GROUND_13
A 355600 -711200 203200 0 9 3 #=16
A 0 0 9 0 3 0 PINTYPE=BI
E
