V 54
K 1
D 0 -508000 3302000 0
Y 1
U 2921000 762000 254000 0 2 3 REFDES=IC?
U 2921000 508000 254000 0 2 3 DEVICE=PSA-5454+
U 2921000 254000 254000 0 2 0 PKG_TYPE=SOT65P215X100-6N
U 2921000 0 254000 0 2 0 Description=RF Amplifier ML AMPL / SURF MOUNT / RoHS
U 2921000 -254000 254000 0 2 0 Datasheet Link=https://www.minicircuits.com/pdfs/PSA-5454+.pdf
U 2921000 -508000 254000 0 2 0 Height=1
U 2921000 -762000 254000 0 2 0 Mouser Part Number=139-PSA-5454
U 2921000 -1016000 254000 0 2 0 Mouser Price/Stock=https://www.mouser.co.uk/ProductDetail/Mini-Circuits/PSA-5454%2b?qs=xZ%2FP%252Ba9zWqZ7vOHZyPwVpA%3D%3D
U 2921000 -1270000 254000 0 2 0 Manufacturer_Name=Mini-Circuits
U 2921000 -1524000 254000 0 2 0 Manufacturer_Part_Number=PSA-5454+
U 0 0 254000 0 1 0 FORWARD_PCB=1
l 5 508000 254000 2794000 254000 2794000 -762000 508000 -762000 508000 254000
|GRPHSTL -1 -1 -1 1
P 1 0 0 508000 0 0 2 0
L 584200 0 228600 0 2 0 1 0 GND_1
A 355600 50800 203200 0 9 3 #=1
A 0 0 9 0 3 0 PINTYPE=BI
P 2 0 -254000 508000 -254000 0 2 0
L 584200 -254000 228600 0 2 0 1 0 GND_2
A 355600 -203200 203200 0 9 3 #=2
A 0 0 9 0 3 0 PINTYPE=BI
P 3 0 -508000 508000 -508000 0 2 0
L 584200 -508000 228600 0 2 0 1 0 RF-IN
A 355600 -457200 203200 0 9 3 #=3
A 0 0 9 0 3 0 PINTYPE=BI
P 4 3302000 0 2794000 0 0 3 0
L 2717800 0 228600 0 8 0 1 0 RF-OUT
A 2946400 50800 203200 0 3 3 #=6
A 0 0 9 0 3 0 PINTYPE=BI
P 5 3302000 -254000 2794000 -254000 0 3 0
L 2717800 -254000 228600 0 8 0 1 0 GND_3
A 2946400 -203200 203200 0 3 3 #=5
A 0 0 9 0 3 0 PINTYPE=BI
P 6 3302000 -508000 2794000 -508000 0 3 0
L 2717800 -508000 228600 0 8 0 1 0 BIAS
A 2946400 -457200 203200 0 3 3 #=4
A 0 0 9 0 3 0 PINTYPE=BI
E
