V 54
K 1
D 0 -762000 4572000 0
Y 1
U 4191000 762000 254000 0 2 3 REFDES=IC?
U 4191000 508000 254000 0 2 3 DEVICE=BGB_741L7ESD_E6327
U 4191000 254000 254000 0 2 0 PKG_TYPE=BGB741L7ESDE6327
U 4191000 0 254000 0 2 0 Description=Infineon BGB741L7ESD BGB 741L7ESD E6327, RF Amplifier Low Noise, 21.5 dB 5 GHz, 6-Pin TSLP-7-1
U 4191000 -254000 254000 0 2 0 Datasheet Link=https://www.infineon.com/dgdl/Infineon-BGB741L7ESD-DS-v03_00-EN.pdf?fileId=5546d46265f064ff016638972c994ed7&redirId=115243
U 4191000 -508000 254000 0 2 0 Height=0.55
U 4191000 -762000 254000 0 2 0 Mouser Part Number=726-BGB741L7ESDE63
U 4191000 -1016000 254000 0 2 0 Mouser Price/Stock=https://www.mouser.co.uk/ProductDetail/Infineon-Technologies/BGB-741L7ESD-E6327?qs=nTClRYuuQBouXaJjSylDSQ%3D%3D
U 4191000 -1270000 254000 0 2 0 Manufacturer_Name=Infineon
U 4191000 -1524000 254000 0 2 0 Manufacturer_Part_Number=BGB 741L7ESD E6327
U 0 0 254000 0 1 0 FORWARD_PCB=1
l 5 508000 254000 4064000 254000 4064000 -1016000 508000 -1016000 508000 254000
|GRPHSTL -1 -1 -1 1
P 1 0 0 508000 0 0 2 0
L 584200 0 228600 0 2 0 1 0 VCC
A 355600 50800 203200 0 9 3 #=1
A 0 0 9 0 3 0 PINTYPE=BI
P 2 0 -254000 508000 -254000 0 2 0
L 584200 -254000 228600 0 2 0 1 0 BIASOUT
A 355600 -203200 203200 0 9 3 #=2
A 0 0 9 0 3 0 PINTYPE=BI
P 3 0 -508000 508000 -508000 0 2 0
L 584200 -508000 228600 0 2 0 1 0 RF-IN
A 355600 -457200 203200 0 9 3 #=3
A 0 0 9 0 3 0 PINTYPE=BI
P 4 0 -762000 508000 -762000 0 2 0
L 584200 -762000 228600 0 2 0 1 0 RF-OUT
A 355600 -711200 203200 0 9 3 #=4
A 0 0 9 0 3 0 PINTYPE=BI
P 5 4572000 0 4064000 0 0 3 0
L 3987800 0 228600 0 8 0 1 0 ON/OFF_CONTROL
A 4216400 50800 203200 0 3 3 #=5
A 0 0 9 0 3 0 PINTYPE=BI
P 6 4572000 -254000 4064000 -254000 0 3 0
L 3987800 -254000 228600 0 8 0 1 0 CURRENT_ADJUST
A 4216400 -203200 203200 0 3 3 #=6
A 0 0 9 0 3 0 PINTYPE=BI
P 7 4572000 -508000 4064000 -508000 0 3 0
L 3987800 -508000 228600 0 8 0 1 0 GND
A 4216400 -457200 203200 0 3 3 #=7
A 0 0 9 0 3 0 PINTYPE=BI
E
