V 54
K 1
D 0 -762000 3810000 0
Y 1
U 3429000 762000 254000 0 2 3 REFDES=FL?
U 3429000 508000 254000 0 2 3 DEVICE=SXLP-450+
U 3429000 254000 254000 0 2 0 PKG_TYPE=SXLP450
U 3429000 0 254000 0 2 0 Description=465MHz (Cutoff) Frequency Low Pass RF Filter (Radio Frequency) Bandwidth 2.5dB 8-SMD, No Lead
U 3429000 -254000 254000 0 2 0 Datasheet Link=https://www.minicircuits.com/pdfs/SXLP-450+.pdf?srsltid=AfmBOopyfng1W_JE_YCYT7VOxU4Z8bevNLx0xfxbggheauuZmJBv02wv
U 3429000 -508000 254000 0 2 0 Height=6.86
U 3429000 -762000 254000 0 2 0 Mouser Part Number=
U 3429000 -1016000 254000 0 2 0 Mouser Price/Stock=
U 3429000 -1270000 254000 0 2 0 Manufacturer_Name=Mini-Circuits
U 3429000 -1524000 254000 0 2 0 Manufacturer_Part_Number=SXLP-450+
U 0 0 254000 0 1 0 FORWARD_PCB=1
l 5 508000 254000 3302000 254000 3302000 -1016000 508000 -1016000 508000 254000
|GRPHSTL -1 -1 -1 1
P 1 0 0 508000 0 0 2 0
L 584200 0 228600 0 2 0 1 0 INPUT
A 355600 50800 203200 0 9 3 #=1
A 0 0 9 0 3 0 PINTYPE=BI
P 2 3810000 0 3302000 0 0 3 0
L 3225800 0 228600 0 8 0 1 0 GROUND_1
A 3454400 50800 203200 0 3 3 #=2
A 0 0 9 0 3 0 PINTYPE=BI
P 3 0 -254000 508000 -254000 0 2 0
L 584200 -254000 228600 0 2 0 1 0 GROUND_2
A 355600 -203200 203200 0 9 3 #=3
A 0 0 9 0 3 0 PINTYPE=BI
P 4 3810000 -254000 3302000 -254000 0 3 0
L 3225800 -254000 228600 0 8 0 1 0 GROUND_3
A 3454400 -203200 203200 0 3 3 #=4
A 0 0 9 0 3 0 PINTYPE=BI
P 5 0 -508000 508000 -508000 0 2 0
L 584200 -508000 228600 0 2 0 1 0 GROUND_4
A 355600 -457200 203200 0 9 3 #=5
A 0 0 9 0 3 0 PINTYPE=BI
P 6 3810000 -508000 3302000 -508000 0 3 0
L 3225800 -508000 228600 0 8 0 1 0 GROUND_5
A 3454400 -457200 203200 0 3 3 #=6
A 0 0 9 0 3 0 PINTYPE=BI
P 7 0 -762000 508000 -762000 0 2 0
L 584200 -762000 228600 0 2 0 1 0 GROUND_6
A 355600 -711200 203200 0 9 3 #=7
A 0 0 9 0 3 0 PINTYPE=BI
P 8 3810000 -762000 3302000 -762000 0 3 0
L 3225800 -762000 228600 0 8 0 1 0 OUTPUT
A 3454400 -711200 203200 0 3 3 #=8
A 0 0 9 0 3 0 PINTYPE=BI
E
